-22768
-22767
-22759
-22767
-22768
-22768
-22767
-22767
-22767
-22767
-22764
-22763
-22767
-22767
-22768
-22768
-22767
-22767
-22757
-22766
-22765
-22767
-22767
-22767
-22768
-22764
-22765
-22768
-22767
-22768
-22768
-22767
-22768
-22767
-22767
-22774
-22768
-22768
-22767
-22767
-22760
-22766
-22767
-22768
-22767
-22767
-22773
-22767
-22767
-22768
-22761
-22768
-22767
-22768
-22768
-22767
-22765
-22766
-22767
-22767
-22768
-22781
-22769
-22767
-22768
-22767
-22767
-22768
-22767
-22768
-22768
-22765
-22767
-22768
-22766
-22765
-22768
-22767
-22767
-22767
-22772
-22766
-22766
-22767
-22758
-22768
-22766
-22768
-22768
-22769
-22766
-22767
-22767
-22781
-22768
-22767
-22768
-22768
-22764
-22768
-22768
-22768
-22770
-22767
-22768
-22767
-22762
-22767
-22768
-22768
-22767
-22764
-22768
-22767
-22766
-22767
-22762
-22765
-22768
-22768
-22768
-22768
-22764
-22769
-22768
-22767
-22758
-22769
-22767
-22767
-22763
-22767
-22767
-22766
-22768
-22769
-22767
-22767
-22766
-22769
-22767
-22768
-22781
-22768
-22767
-22768
-22767
-22768
-22767
-22771
-22768
-22768
-22768
-22760
-22768
-22768
-22767
-22768
-22768
-22768
-22766
-22765
-22767
-22768
-22768
-22765
-22768
-22768
-22767
-22767
-22766
-22768
-22768
-22765
-22767
-22768
-22768
-22777
-22765
-22767
-22767
-22768
-22767
-22767
-22768
-22768
-22767
-22765
-22766
-22767
-22767
-22768
-22767
-22768
-22767
-22767
-22767
-22768
-22769
-22769
-22770
-22768
-22767
-22768
-22767
-22768
-22767
-22767
